1	0	1	3.07692e-08	1.92308e-08	0	0	0	0
2	0	1	3.05118e-08	3.08728e-08	2.74725e-11	0	1.64835e-10	37.4988
3	0	1	3.73619e-08	4.22994e-08	6.76519e-11	3.92465e-12	2.64624e-10	43.9378
4	0	1	4.84562e-08	5.62464e-08	1.18415e-10	9.66455e-12	3.62566e-10	45.2727
5	0	1	6.36795e-08	7.43209e-08	1.8185e-10	1.69164e-11	4.82112e-10	45.5596
6	0	1	8.39285e-08	9.80698e-08	2.62045e-10	2.59786e-11	6.37036e-10	45.6218
7	0	1	1.10686e-07	1.29369e-07	3.64709e-10	3.74349e-11	8.40598e-10	45.6353
8	0	1	1.45995e-07	1.70647e-07	4.97421e-10	5.21013e-11	1.10888e-09	45.6382
9	0	1	1.92573e-07	2.25093e-07	6.70143e-10	7.10602e-11	1.46269e-09	45.6388
10	0	0.999999	2.54012e-07	2.96908e-07	8.95969e-10	9.57347e-11	1.92937e-09	45.639
11	0	0.999999	3.35054e-07	3.91636e-07	1.19213e-09	1.27996e-10	2.54493e-09	45.639
12	0	0.999999	4.41952e-07	5.16586e-07	1.5813e-09	1.70304e-10	3.35688e-09	45.639
13	0	0.999999	5.82955e-07	6.81402e-07	2.09338e-09	2.25901e-10	4.42788e-09	45.639
14	0	0.999998	7.68945e-07	8.98801e-07	2.76776e-09	2.99055e-10	5.84059e-09	45.639
15	0	0.999998	1.01427e-06	1.18556e-06	3.65637e-09	3.95394e-10	7.70401e-09	45.639
16	0	0.999997	1.33787e-06	1.56381e-06	4.82769e-09	5.22338e-10	1.0162e-08	45.639
17	0	0.999996	1.76472e-06	2.06274e-06	6.37204e-09	6.8967e-10	1.34041e-08	45.639
18	0	0.999995	2.32774e-06	2.72085e-06	8.40852e-09	9.10291e-10	1.76806e-08	45.639
19	0	0.999993	3.0704e-06	3.58893e-06	1.10942e-08	1.20122e-09	2.33216e-08	45.639
20	0	0.999991	4.05e-06	4.73396e-06	1.46364e-08	1.58489e-09	3.07622e-08	45.639
21	0	0.999988	5.34212e-06	6.24431e-06	1.93083e-08	2.09091e-09	4.05768e-08	45.639
22	0	0.999984	7.04649e-06	8.23653e-06	2.54704e-08	2.75832e-09	5.35227e-08	45.639
23	0	0.99998	9.2946e-06	1.08644e-05	3.35982e-08	3.63863e-09	7.05989e-08	45.639
24	0	0.999973	1.22599e-05	1.43306e-05	4.4319e-08	4.79975e-09	9.3123e-08	45.639
25	0	0.999964	1.61713e-05	1.89026e-05	5.84599e-08	6.33129e-09	1.22833e-07	45.639
26	0	0.999953	2.13305e-05	2.49333e-05	7.71123e-08	8.35142e-09	1.62022e-07	45.639
27	0	0.999938	2.81355e-05	3.2888e-05	1.01715e-07	1.1016e-08	2.13714e-07	45.639
28	0	0.999918	3.71114e-05	4.33805e-05	1.34167e-07	1.45308e-08	2.81897e-07	45.639
29	0	0.999892	4.89504e-05	5.72203e-05	1.76973e-07	1.91668e-08	3.71833e-07	45.639
30	0	0.999858	6.45657e-05	7.54752e-05	2.33434e-07	2.52818e-08	4.9046e-07	45.639
31	0	0.999812	8.51614e-05	9.95534e-05	3.07908e-07	3.33477e-08	6.4693e-07	45.639
32	0	0.999752	0.000112325	0.000131312	4.0614e-07	4.39869e-08	8.53315e-07	45.639
33	0	0.999673	0.000148151	0.000173201	5.35709e-07	5.802e-08	1.12553e-06	45.639
34	0	0.999569	0.000195398	0.00022845	7.06609e-07	7.65299e-08	1.48458e-06	45.6389
35	0	0.999432	0.000257704	0.000301319	9.32023e-07	1.00944e-07	1.95814e-06	45.6389
36	0	0.99925	0.000339864	0.000397423	1.22933e-06	1.33146e-07	2.58273e-06	45.6389
37	0	0.999011	0.000448191	0.000524165	1.62146e-06	1.75619e-07	3.40648e-06	45.6389
38	0	0.998696	0.000591001	0.000691304	2.13863e-06	2.31637e-07	4.49284e-06	45.6389
39	0	0.99828	0.000779239	0.000911699	2.82069e-06	3.05519e-07	5.92547e-06	45.6388
40	0	0.997733	0.0010273	0.00120229	3.72016e-06	4.02956e-07	7.81457e-06	45.6387
41	0	0.997011	0.00135409	0.00158538	4.90627e-06	5.31452e-07	1.03053e-05	45.6387
42	0	0.99606	0.00178443	0.00209033	6.4702e-06	7.00895e-07	1.3589e-05	45.6386
43	0	0.994807	0.00235084	0.00275575	8.53208e-06	9.24315e-07	1.79171e-05	45.6384
44	0	0.993158	0.0030958	0.00363236	1.125e-05	1.21887e-06	2.36207e-05	45.6382
45	0	0.990988	0.00407473	0.00478673	1.48319e-05	1.60714e-06	3.11345e-05	45.638
46	0	0.988136	0.00535954	0.00630607	1.95513e-05	2.11885e-06	4.10291e-05	45.6377
47	0	0.984391	0.0070431	0.00830437	2.57669e-05	2.79304e-06	5.4052e-05	45.6373
48	0	0.979481	0.00924456	0.0109302	3.39493e-05	3.68099e-06	7.11803e-05	45.6368
49	0	0.973055	0.0121152	0.0143765	4.4714e-05	4.8499e-06	9.36875e-05	45.6362
50	0	0.964665	0.0158448	0.0188924	5.88641e-05	6.38771e-06	0.000123227	45.6354
51	0.752832	0.210637	0.0109462	0.0247977	7.74442e-05	8.40916e-06	0.000161935	4.99783
52	0.746021	0.215839	0.00834554	0.0287598	0.000101806	1.10635e-05	0.000212552	5.80818
53	0.740844	0.219121	0.00703174	0.031682	0.000128348	1.45437e-05	0.000246513	6.22185
54	0.736493	0.221361	0.00643816	0.0340697	0.000155272	1.83354e-05	0.00027156	6.45433
55	0.732518	0.223047	0.00625007	0.0362052	0.000181762	2.21818e-05	0.000292026	6.59794
56	0.728669	0.224449	0.00629379	0.0382471	0.000207517	2.59659e-05	0.000310331	6.69701
57	0.724802	0.225715	0.0064741	0.0402853	0.000232511	2.96453e-05	0.000327832	6.77403
58	0.720833	0.226929	0.00673922	0.0423725	0.000256845	3.32158e-05	0.000345302	6.84075
59	0.716712	0.228135	0.00706142	0.0445407	0.000280685	3.66922e-05	0.000363192	6.90342
60	0.712406	0.229361	0.00742626	0.0468113	0.000304217	4.00979e-05	0.000381778	6.96542
61	0.70789	0.23062	0.00782668	0.0491994	0.000327631	4.34596e-05	0.000401239	7.02865
62	0.703145	0.231921	0.00825977	0.0517177	0.000351111	4.68044e-05	0.000421709	7.09419
63	0.698154	0.23327	0.00872493	0.0543773	0.000374835	5.01587e-05	0.000443294	7.16274
64	0.692901	0.23467	0.00922297	0.0571893	0.000398969	5.35478e-05	0.000466091	7.23477
65	0.687367	0.236124	0.00975554	0.0601647	0.000423672	5.69955e-05	0.000490194	7.31066
66	0.681538	0.237632	0.0103248	0.0633152	0.000449097	6.05246e-05	0.000515697	7.39073
67	0.675394	0.239196	0.0109335	0.0666531	0.000475391	6.41567e-05	0.000542702	7.4753
68	0.668917	0.240816	0.0115846	0.0701918	0.000502697	6.7913e-05	0.000571313	7.56468
69	0.662088	0.242493	0.0122814	0.0739455	0.000531157	7.18138e-05	0.000601644	7.6592
70	0.654885	0.244226	0.0130275	0.0779296	0.000560914	7.58795e-05	0.000633819	7.75921
71	0.647287	0.246014	0.013827	0.0821609	0.000592111	8.01305e-05	0.000667968	7.86508
72	0.63927	0.247856	0.0146842	0.0866574	0.000624897	8.45873e-05	0.000704237	7.9772
73	0.630811	0.249748	0.0156037	0.0914386	0.000659422	8.92709e-05	0.000742778	8.096
74	0.621883	0.251687	0.0165906	0.0965256	0.000695845	9.42031e-05	0.000783759	8.22193
75	0.612461	0.253669	0.0176504	0.101941	0.000734333	9.94065e-05	0.000827363	8.35547
76	0.602516	0.255686	0.0187889	0.107711	0.000775059	0.000104905	0.000873783	8.49716
77	0.592021	0.257731	0.0200123	0.11386	0.000818208	0.000110723	0.000923234	8.64754
78	0.580946	0.259795	0.0213273	0.120418	0.000863978	0.000116887	0.000975943	8.80721
79	0.56926	0.261864	0.0227409	0.127417	0.000912579	0.000123425	0.00103216	8.97682
80	0.556935	0.263923	0.0242603	0.134889	0.000964235	0.000130368	0.00109215	9.15703
81	0.54394	0.265954	0.0258932	0.142871	0.00101919	0.000137748	0.00115619	9.34856
82	0.530247	0.267935	0.0276471	0.151402	0.00107769	0.000145598	0.00122461	9.55217
83	0.515828	0.269838	0.0295297	0.160521	0.00114002	0.000153956	0.00129773	9.76867
84	0.500657	0.271632	0.0315484	0.170273	0.00120648	0.00016286	0.00137589	9.99889
85	0.484714	0.27328	0.0337101	0.180705	0.00127737	0.000172354	0.00145949	10.2437
86	0.467981	0.274737	0.0360207	0.191863	0.00135304	0.000182482	0.0015489	10.504
87	0.450447	0.275952	0.0384847	0.203799	0.00143384	0.000193291	0.00164454	10.7806
88	0.432111	0.276867	0.0411044	0.216562	0.00152015	0.000204834	0.00174684	11.0746
89	0.412979	0.277414	0.0438796	0.230206	0.00161236	0.000217164	0.00185625	11.3868
90	0.393073	0.277517	0.0468058	0.244781	0.00171089	0.000230337	0.0019732	11.7181
91	0.372428	0.277092	0.0498738	0.260335	0.00181616	0.000244412	0.00209812	12.0692
92	0.351098	0.276046	0.053068	0.276914	0.00192862	0.000259451	0.00223145	12.4409
93	0.329158	0.274278	0.0563649	0.294556	0.00204869	0.000275517	0.00237355	12.8338
94	0.306706	0.271684	0.0597317	0.313289	0.00217682	0.00029267	0.00252476	13.2481
95	0.283869	0.268155	0.0631243	0.33313	0.0023134	0.000310974	0.00268533	13.6841
96	0.260796	0.263587	0.0664864	0.354077	0.00245881	0.000330485	0.0028554	14.1414
97	0.23767	0.25788	0.0697481	0.376108	0.00261338	0.000351259	0.00303495	14.6196
98	0.214694	0.250952	0.0728256	0.399173	0.00277733	0.00037334	0.00322378	15.1173
99	0.192097	0.242743	0.075622	0.423191	0.00295082	0.000396762	0.00342148	15.6331
100	0.170122	0.233225	0.0780299	0.448045	0.00313383	0.000421546	0.00362735	16.1647
101	0.14902	0.22241	0.0799351	0.473576	0.00332621	0.00044769	0.00384038	16.709
102	0.129034	0.210364	0.0812228	0.499584	0.00352757	0.000475172	0.00405922	17.2623
103	0.11039	0.197205	0.0817861	0.525828	0.00373732	0.000503939	0.00428215	17.8202
104	0.0932795	0.18311	0.0815354	0.552026	0.0039546	0.000533903	0.0045071	18.3777
105	0.0778468	0.16831	0.0804085	0.577865	0.00417827	0.000564943	0.00473165	18.9292
106	0.0641783	0.15308	0.0783804	0.603013	0.0044069	0.000596896	0.00495313	19.4685
107	0.0522969	0.137726	0.07547	0.627129	0.00463879	0.000629556	0.00516868	19.9897
108	0.042162	0.122561	0.0717428	0.649885	0.004872	0.000662684	0.00537539	20.4868
109	0.0336758	0.107887	0.0673092	0.670979	0.00510441	0.000696	0.00557044	20.9542
110	0.026695	0.0939729	0.0623163	0.690158	0.00533375	0.000729201	0.00575125	21.387
111	0.0210458	0.0810339	0.0569367	0.707224	0.00555772	0.000761964	0.00591564	21.7816
112	0.0165396	0.069225	0.051353	0.722051	0.00577408	0.000793961	0.00606192	22.1351
113	0.0129883	0.058635	0.0457431	0.734581	0.00598072	0.000824869	0.006189	22.4461
114	0.0102154	0.0492906	0.040267	0.744829	0.00617573	0.000854388	0.00629641	22.7143
115	0.00806365	0.041165	0.0350571	0.752868	0.00635752	0.000882247	0.00638425	22.9404
116	0.00639905	0.0341906	0.0302126	0.758823	0.00652483	0.000908218	0.00645315	23.1263
117	0.00511143	0.0282716	0.025799	0.762855	0.00667675	0.000932119	0.00650419	23.2741
118	0.00411277	0.0232965	0.02185	0.765149	0.00681272	0.000953821	0.00653875	23.3869
119	0.00333441	0.0191483	0.0183727	0.765901	0.00693254	0.000973245	0.00655842	23.4678
120	0.00272369	0.0157121	0.0153532	0.765309	0.00703632	0.000990363	0.00656487	23.5201
121	0.00224078	0.0128804	0.0127628	0.763561	0.00712443	0.00100519	0.00655979	23.547
122	0.00185571	0.0105559	0.0105636	0.760834	0.00719746	0.00101778	0.00654481	23.5517
123	0.00154606	0.00865323	0.00871297	0.757288	0.00725615	0.00102821	0.00652143	23.5372
124	0.00129502	0.00709883	0.00716727	0.753067	0.0073014	0.00103659	0.00649104	23.5061
125	0.00108995	0.00583032	0.00588422	0.748293	0.00733415	0.00104306	0.00645486	23.4609
126	0.000921249	0.00479553	0.00482454	0.743073	0.00735541	0.00104774	0.00641394	23.4037
127	0.000781618	0.00395127	0.00395284	0.737498	0.00736617	0.00105077	0.0063692	23.3364
128	0.00066541	0.00326201	0.00323798	0.731643	0.00736743	0.00105231	0.00632141	23.2607
129	0.00056823	0.00269871	0.00265309	0.725572	0.00736014	0.00105249	0.00627123	23.178
130	0.000486617	0.00223771	0.00217528	0.719337	0.00734522	0.00105145	0.00621919	23.0894
131	0.000417822	0.00185984	0.0017853	0.71298	0.00732353	0.00104932	0.00616574	22.996
132	0.000359637	0.00154953	0.00146714	0.706537	0.00729585	0.00104622	0.00611126	22.8985
133	0.000310279	0.0012942	0.00120755	0.700036	0.00726293	0.00104226	0.00605603	22.7978
134	0.000268295	0.00108366	0.000995626	0.6935	0.00722542	0.00103756	0.00600031	22.6944
135	0.000232494	0.000909673	0.00082248	0.686948	0.00718393	0.0010322	0.00594428	22.5888
136	0.000201893	0.000765566	0.00068085	0.680395	0.00713901	0.00102628	0.00588812	22.4814
137	0.000175679	0.000645927	0.000564837	0.673853	0.00709114	0.00101986	0.00583195	22.3725
138	0.000153176	0.000546368	0.000469654	0.667331	0.00704077	0.00101302	0.00577588	22.2625
139	0.00013382	0.000463321	0.000391422	0.660839	0.00698827	0.00100582	0.00571998	22.1516
140	0.000117137	0.000393881	0.000326998	0.654381	0.006934	0.000998325	0.00566433	22.04
141	0.000102731	0.000335679	0.000273837	0.647963	0.00687826	0.000990572	0.00560898	21.9278
142	9.02685e-05	0.00028678	0.000229877	0.641588	0.00682131	0.000982609	0.00555397	21.8152
143	7.94665e-05	0.0002456	0.000193445	0.635261	0.0067634	0.000974473	0.00549933	21.7024
144	7.00872e-05	0.000210837	0.000163185	0.628983	0.00670471	0.000966199	0.00544509	21.5893
145	6.19287e-05	0.000181424	0.000137993	0.622756	0.00664544	0.000957816	0.00539128	21.4761
146	5.48196e-05	0.000156479	0.000116973	0.616581	0.00658574	0.000949349	0.00533791	21.363
147	4.8614e-05	0.000135274	9.93936e-05	0.61046	0.00652575	0.000940821	0.00528498	21.2498
148	4.31878e-05	0.000117209	8.46569e-05	0.604394	0.00646559	0.000932251	0.00523252	21.1368
149	3.8435e-05	0.000101783	7.2275e-05	0.598383	0.00640535	0.000923656	0.00518052	21.0239
150	3.4265e-05	8.85825e-05	6.18476e-05	0.592427	0.00634514	0.000915051	0.00512899	20.9112
151	3.06002e-05	7.72612e-05	5.30462e-05	0.586526	0.00628501	0.000906448	0.00507794	20.7987
152	2.7374e-05	6.75308e-05	4.56004e-05	0.580681	0.00622505	0.000897859	0.00502737	20.6865
153	2.45293e-05	5.91499e-05	3.92873e-05	0.574892	0.0061653	0.000889292	0.00497727	20.5746
154	2.20169e-05	5.19165e-05	3.39226e-05	0.569158	0.00610582	0.000880757	0.00492765	20.463
155	1.97945e-05	4.56604e-05	2.9354e-05	0.56348	0.00604664	0.00087226	0.0048785	20.3517
156	1.78253e-05	4.02387e-05	2.54548e-05	0.557856	0.00598781	0.000863806	0.00482983	20.2408
157	1.60779e-05	3.55307e-05	2.21199e-05	0.552287	0.00592934	0.000855401	0.00478162	20.1303
158	1.45249e-05	3.14345e-05	1.92616e-05	0.546773	0.00587127	0.000847049	0.00473389	20.0202
159	1.31424e-05	2.78635e-05	1.68067e-05	0.541313	0.00581363	0.000838754	0.00468663	19.9105
160	1.19099e-05	2.47446e-05	1.4694e-05	0.535906	0.00575641	0.000830518	0.00463982	19.8013
161	1.08095e-05	2.20154e-05	1.28721e-05	0.530553	0.00569965	0.000822345	0.00459348	19.6925
162	9.82553e-06	1.96228e-05	1.12979e-05	0.525252	0.00564334	0.000814235	0.00454759	19.5842
163	8.94442e-06	1.75214e-05	9.93498e-06	0.520004	0.00558751	0.000806192	0.00450216	19.4763
164	8.15427e-06	1.56726e-05	8.75281e-06	0.514808	0.00553216	0.000798216	0.00445718	19.3689
165	7.44466e-06	1.40431e-05	7.72547e-06	0.509663	0.00547729	0.000790308	0.00441264	19.2621
166	6.8065e-06	1.26044e-05	6.831e-06	0.504569	0.00542291	0.00078247	0.00436854	19.1557
167	6.23179e-06	1.1332e-05	6.05081e-06	0.499526	0.00536902	0.000774701	0.00432488	19.0498
168	5.71351e-06	1.02048e-05	5.36907e-06	0.494533	0.00531563	0.000767003	0.00428165	18.9445
169	5.24549e-06	9.20452e-06	4.7723e-06	0.48959	0.00526273	0.000759375	0.00423886	18.8397
170	4.82229e-06	8.31552e-06	4.249e-06	0.484696	0.00521032	0.000751818	0.00419649	18.7354
171	4.43911e-06	7.52412e-06	3.78935e-06	0.479851	0.00515841	0.000744332	0.00415454	18.6317
172	4.09171e-06	6.81851e-06	3.38491e-06	0.475054	0.005107	0.000736916	0.00411301	18.5285
173	3.77636e-06	6.18841e-06	3.02848e-06	0.470304	0.00505608	0.000729571	0.00407189	18.4259
174	3.48973e-06	5.62488e-06	2.71384e-06	0.465602	0.00500564	0.000722297	0.00403118	18.3239
175	3.22888e-06	5.12014e-06	2.43564e-06	0.460947	0.0049557	0.000715092	0.00399088	18.2224
176	2.9912e-06	4.66739e-06	2.18928e-06	0.456339	0.00490624	0.000707957	0.00395098	18.1215
177	2.77438e-06	4.26069e-06	1.97077e-06	0.451776	0.00485726	0.000700891	0.00391148	18.0211
178	2.57634e-06	3.89483e-06	1.77668e-06	0.447259	0.00480876	0.000693894	0.00387237	17.9214
179	2.39525e-06	3.56526e-06	1.60401e-06	0.442787	0.00476074	0.000686966	0.00383365	17.8222
180	2.22946e-06	3.26795e-06	1.45017e-06	0.43836	0.00471318	0.000680105	0.00379532	17.7236
181	2.07751e-06	2.9994e-06	1.31292e-06	0.433977	0.0046661	0.000673312	0.00375737	17.6256
182	1.93809e-06	2.75649e-06	1.19028e-06	0.429638	0.00461948	0.000666586	0.0037198	17.5282
183	1.81002e-06	2.53649e-06	1.08055e-06	0.425342	0.00457332	0.000659926	0.00368261	17.4314
184	1.69224e-06	2.33699e-06	9.82234e-07	0.421089	0.00452762	0.000653332	0.00364579	17.3352
185	1.58383e-06	2.15583e-06	8.94025e-07	0.416878	0.00448238	0.000646803	0.00360933	17.2396
186	1.48391e-06	1.99114e-06	8.14777e-07	0.41271	0.00443758	0.000640339	0.00357324	17.1445
187	1.39174e-06	1.84122e-06	7.43487e-07	0.408583	0.00439322	0.00063394	0.00353751	17.0501
188	1.30663e-06	1.70459e-06	6.79273e-07	0.404498	0.00434931	0.000627603	0.00350214	16.9563
189	1.22795e-06	1.57993e-06	6.21359e-07	0.400453	0.00430583	0.00062133	0.00346712	16.8631
190	1.15515e-06	1.46604e-06	5.69061e-07	0.396449	0.00426279	0.000615119	0.00343245	16.7706
191	1.08772e-06	1.36189e-06	5.21777e-07	0.392484	0.00422018	0.00060897	0.00339813	16.6786
192	1.02521e-06	1.26652e-06	4.78973e-07	0.38856	0.00417799	0.000602882	0.00336415	16.5872
193	9.67192e-07	1.17911e-06	4.4018e-07	0.384674	0.00413622	0.000596855	0.00333051	16.4964
194	9.13307e-07	1.09889e-06	4.0498e-07	0.380828	0.00409486	0.000590888	0.00329721	16.4063
195	8.63209e-07	1.0252e-06	3.73004e-07	0.37702	0.00405392	0.00058498	0.00326424	16.3167
196	8.16589e-07	9.57442e-07	3.43922e-07	0.37325	0.00401339	0.000579132	0.0032316	16.2278
197	7.73169e-07	8.95063e-07	3.17445e-07	0.369517	0.00397326	0.000573341	0.00319928	16.1395
198	7.32692e-07	8.37579e-07	2.93311e-07	0.365822	0.00393353	0.000567609	0.00316729	16.0518
199	6.94927e-07	7.84554e-07	2.71289e-07	0.362164	0.0038942	0.000561934	0.00313562	15.9647
200	6.59661e-07	7.35593e-07	2.51174e-07	0.358543	0.00385527	0.000556315	0.00310426	15.8782
